population: 2637
P: 1066
N: 1571
PositiveTest: 804
NegativeTest: 1833
TP: 766
TN: 1533
FP: 38
FN: 300
TPR: 0.7185741088180112
TNR: 0.9758115849777212
PPV: 0.9527363184079602
NPV: 0.8363338788870703
FPR: 0.0241884150222788
FDR: 0.0472636815920398
FNR: 0.28142589118198874
ACC: 0.8718240424725067
F1_score: 0.8192513368983957
MCC: 0.7402155472578548
informedness: 0.6943856937957325
markedness: 0.7890701972950307
prevalence: 0.40424725066363293
LRP: 29.707366446134095
LRN: 0.2884018754382937
DOR: 103.00684210526316
FOR: 0.16366612111292964 
