population: 3141
P: 1570
N: 1571
PositiveTest: 793
NegativeTest: 2348
TP: 755
TN: 1533
FP: 38
FN: 815
TPR: 0.48089171974522293
TNR: 0.9758115849777212
PPV: 0.9520807061790668
NPV: 0.6528960817717206
FPR: 0.0241884150222788
FDR: 0.04791929382093316
FNR: 0.5191082802547771
ACC: 0.7284304361668259
F1_score: 0.6390181972069403
MCC: 0.5256376112283029
informedness: 0.4567033047229443
markedness: 0.6049767879507875
prevalence: 0.49984081502706146
LRP: 19.881076097888034
LRN: 0.5319759349512425
DOR: 37.37213432353891
FOR: 0.3471039182282794
